0	0.000149385749385749
2.5e-06	0.000149385749385749
5e-06	0.0001493857493857428
7.500000000000001e-06	0.0001493857493857106
1e-05	0.0001493857493856207
1.25e-05	0.0001493857493854258
1.5e-05	0.0001493857493850699
1.75e-05	0.0001493857493844792
2e-05	0.00014938574938357
2.25e-05	0.0001493857493822467
2.5e-05	0.0001493857493803964
2.75e-05	0.0001493857493778994
3e-05	0.0001493857493746179
3.25e-05	0.0001493857493704072
3.5e-05	0.0001493857493651057
3.75e-05	0.0001493857493585412
4e-05	0.0001493857493505314
4.25e-05	0.0001493857493408795
4.5e-05	0.0001493857493293794
4.75e-05	0.0001493857493158099
5e-05	0.0001493857492999421
5.25e-05	0.0001493857492815339
5.5e-05	0.0001493857492603333
5.75e-05	0.0001493857492360741
6e-05	0.0001493857492084854
6.25e-05	0.0001493857491772795
6.500000000000001e-05	0.0001493857491421602
6.750000000000001e-05	0.0001493857491028215
7.000000000000002e-05	0.0001493857490589472
7.250000000000003e-05	0.0001493857490102109
7.500000000000003e-05	0.0001493857489562758
7.750000000000004e-05	0.0001493857488967955
8.000000000000005e-05	0.0001493857488314132
8.250000000000005e-05	0.0001493857487597638
8.500000000000006e-05	0.0001493857486814725
8.750000000000007e-05	0.0001493857485961538
9.000000000000007e-05	0.0001493857485034156
9.250000000000008e-05	0.0001493857484028546
9.500000000000009e-05	0.0001493857482940596
9.750000000000009e-05	0.0001493857481766107
0.0001000000000000001	0.0001493857480500786
0.0001025000000000001	0.000149385747914026
0.0001050000000000001	0.0001493857477680084
0.0001075000000000001	0.0001493857476115701
0.0001100000000000001	0.0001493857474442546
0.0001125000000000001	0.0001493857472655862
0.0001150000000000001	0.0001493857470750908
0.0001175000000000001	0.000149385746872281
0.0001200000000000002	0.0001493857466566665
0.0001225000000000002	0.0001493857464277449
0.0001250000000000002	0.0001493857461850104
0.0001275000000000002	0.0001493857459279467
0.0001300000000000002	0.0001493857456560333
0.0001325000000000002	0.0001493857453687404
0.0001350000000000002	0.0001493857450655337
0.0001375000000000002	0.0001493857447458694
0.0001400000000000002	0.0001493857444091994
0.0001425000000000002	0.0001493857440549674
0.0001450000000000002	0.0001493857436826118
0.0001475000000000002	0.0001493857432915659
0.0001500000000000002	0.0001493857428812533
0.0001525000000000002	0.0001493857424510948
0.0001550000000000002	0.0001493857420005036
0.0001575000000000003	0.000149385741528887
0.0001600000000000003	0.0001493857410356472
0.0001625000000000003	0.0001493857405201817
0.0001650000000000003	0.00014938573998188
0.0001675000000000003	0.0001493857394201299
0.0001700000000000003	0.0001493857388343077
0.0001725000000000003	0.0001493857382237912
0.0001750000000000003	0.0001493857375879493
0.0001775000000000003	0.0001493857369261463
0.0001800000000000003	0.0001493857362377432
0.0001825000000000003	0.0001493857355220934
0.0001850000000000003	0.0001493857347785482
0.0001875000000000003	0.0001493857340064525
0.0001900000000000003	0.0001493857332051479
0.0001925000000000003	0.0001493857323739708
0.0001950000000000003	0.0001493857315122503
0.0001975000000000004	0.0001493857306193189
0.0002000000000000004	0.0001493857296944983
0.0002025000000000004	0.0001493857287371086
0.0002050000000000004	0.0001493857277464643
0.0002075000000000004	0.000149385726721877
0.0002100000000000004	0.000149385725662655
0.0002125000000000004	0.0001493857245681015
0.0002150000000000004	0.0001493857234375188
0.0002175000000000004	0.0001493857222702014
0.0002200000000000004	0.0001493857210654433
0.0002225000000000004	0.0001493857198225351
0.0002250000000000004	0.000149385718540762
0.0002275000000000004	0.0001493857172194077
0.0002300000000000004	0.0001493857158577515
0.0002325000000000004	0.0001493857144550706
0.0002350000000000005	0.0001493857130106387
0.0002375000000000005	0.0001493857115237273
0.0002400000000000005	0.0001493857099936048
0.0002425000000000005	0.0001493857084195327
0.0002450000000000005	0.0001493857068007775
0.0002475000000000005	0.0001493857051365968
0.0002500000000000005	0.0001493857034262481
0.0002525000000000005	0.000149385701668986
0.0002550000000000005	0.0001493856998640632
0.0002575000000000005	0.0001493856980107279
0.0002600000000000005	0.000149385696108229
0.0002625000000000005	0.0001493856941558102
0.0002650000000000005	0.0001493856921527161
0.0002675000000000005	0.0001493856900981852
0.0002700000000000005	0.0001493856879914597
0.0002725000000000006	0.0001493856858317739
0.0002750000000000006	0.0001493856836183621
0.0002775000000000006	0.0001493856813504591
0.0002800000000000006	0.0001493856790272949
0.0002825000000000006	0.0001493856766481001
0.0002850000000000006	0.0001493856742121007
0.0002875000000000006	0.0001493856717185248
0.0002900000000000006	0.0001493856691665962
0.0002925000000000006	0.0001493856665555384
0.0002950000000000006	0.0001493856638845725
0.0002975000000000006	0.000149385661152918
0.0003000000000000006	0.0001493856583597944
0.0003025000000000006	0.0001493856555044223
0.0003050000000000006	0.0001493856525860137
0.0003075000000000006	0.0001493856496037866
0.0003100000000000007	0.0001493856465569543
0.0003125000000000007	0.0001493856434447306
0.0003150000000000007	0.0001493856402663287
0.0003175000000000007	0.0001493856370209561
0.0003200000000000007	0.000149385633707827
0.0003225000000000007	0.0001493856303261494
0.0003250000000000007	0.0001493856268751321
0.0003275000000000007	0.0001493856233539833
0.0003300000000000007	0.0001493856197619099
0.0003325000000000007	0.0001493856160981199
0.0003350000000000007	0.0001493856123618179
0.0003375000000000007	0.0001493856085522097
0.0003400000000000007	0.0001493856046685006
0.0003425000000000007	0.000149385600709896
0.0003450000000000007	0.0001493855966755968
0.0003475000000000007	0.0001493855925648115
0.0003500000000000008	0.0001493855883767404
0.0003525000000000008	0.0001493855841105891
0.0003550000000000008	0.0001493855797655579
0.0003575000000000008	0.0001493855753408515
0.0003600000000000008	0.0001493855708356721
0.0003625000000000008	0.0001493855662492232
0.0003650000000000008	0.0001493855615807047
0.0003675000000000008	0.000149385556829323
0.0003700000000000008	0.0001493855519942785
0.0003725000000000008	0.0001493855470747736
0.0003750000000000008	0.00014938554207001
0.0003775000000000008	0.0001493855369791932
0.0003800000000000008	0.000149385531801524
0.0003825000000000008	0.0001493855265362093
0.0003850000000000008	0.000149385521182448
0.0003875000000000009	0.0001493855157394469
0.0003900000000000009	0.0001493855102064099
0.0003925000000000009	0.0001493855045825402
0.0003950000000000009	0.0001493854988670454
0.0003975000000000009	0.0001493854930591273
0.0004000000000000009	0.0001493854871579942
0.0004025000000000009	0.0001493854811628526
0.0004050000000000009	0.0001493854750729072
0.0004075000000000009	0.0001493854688873687
0.0004100000000000009	0.0001493854626054429
0.0004125000000000009	0.0001493854562263401
0.0004150000000000009	0.0001493854497492678
0.0004175000000000009	0.0001493854431734396
0.0004200000000000009	0.0001493854364980619
0.0004225000000000009	0.0001493854297223503
0.000425000000000001	0.0001493854228455146
0.000427500000000001	0.0001493854158667705
0.000430000000000001	0.0001493854087853296
0.000432500000000001	0.0001493854016004096
0.000435000000000001	0.000149385394311224
0.000437500000000001	0.0001493853869169918
0.000440000000000001	0.0001493853794169298
0.000442500000000001	0.0001493853718102564
0.000445000000000001	0.0001493853640961934
0.000447500000000001	0.0001493853562739599
0.000450000000000001	0.0001493853483427781
0.000452500000000001	0.0001493853403018728
0.000455000000000001	0.0001493853321504673
0.000457500000000001	0.0001493853238877873
0.000460000000000001	0.0001493853155130597
0.0004625000000000011	0.0001493853070255114
0.0004650000000000011	0.0001493852984243724
0.0004675000000000011	0.000149385289708874
0.0004700000000000011	0.0001493852808782449
0.0004725000000000011	0.0001493852719317215
0.0004750000000000011	0.0001493852628685363
0.0004775000000000011	0.0001493852536879255
0.0004800000000000011	0.0001493852443891251
0.0004825000000000011	0.0001493852349713752
0.0004850000000000011	0.0001493852254339157
0.0004875000000000011	0.0001493852157759852
0.0004900000000000011	0.0001493852059968302
0.0004925000000000011	0.0001493851960956928
0.0004950000000000011	0.0001493851860718197
0.0004975000000000011	0.0001493851759244565
0.0005000000000000011	0.0001493851656528532
0.0005025000000000011	0.0001493851552562609
0.0005050000000000011	0.0001493851447339306
0.0005075000000000011	0.0001493851340851158
0.0005100000000000011	0.0001493851233090721
0.0005125000000000011	0.0001493851124050575
0.0005150000000000011	0.0001493851013723279
0.0005175000000000011	0.0001493850902101453
0.0005200000000000011	0.0001493850789177707
0.0005225000000000012	0.0001493850674944691
0.0005250000000000012	0.0001493850559395041
0.0005275000000000012	0.0001493850442521426
0.0005300000000000012	0.0001493850324316555
0.0005325000000000012	0.0001493850204773111
0.0005350000000000012	0.0001493850083883841
0.0005375000000000012	0.0001493849961641461
0.0005400000000000012	0.0001493849838038744
0.0005425000000000012	0.0001493849713068468
0.0005450000000000012	0.0001493849586723433
0.0005475000000000012	0.0001493849458996443
0.0005500000000000012	0.0001493849329880347
0.0005525000000000012	0.0001493849199367986
0.0005550000000000012	0.0001493849067452242
0.0005575000000000012	0.0001493848934125987
0.0005600000000000013	0.0001493848799382164
0.0005625000000000013	0.0001493848663213673
0.0005650000000000013	0.0001493848525613479
0.0005675000000000013	0.0001493848386574562
0.0005700000000000013	0.0001493848246089876
0.0005725000000000013	0.0001493848104152464
0.0005750000000000013	0.0001493847960755342
0.0005775000000000013	0.0001493847815891564
0.0005800000000000013	0.00014938476695542
0.0005825000000000013	0.0001493847521736334
0.0005850000000000013	0.000149384737243108
0.0005875000000000013	0.0001493847221631563
0.0005900000000000013	0.000149384706933096
0.0005925000000000013	0.0001493846915522419
0.0005950000000000013	0.0001493846760199143
0.0005975000000000014	0.0001493846603354352
0.0006000000000000014	0.0001493846444981282
0.0006025000000000014	0.000149384628507318
0.0006050000000000014	0.0001493846123623331
0.0006075000000000014	0.0001493845960625037
0.0006100000000000014	0.000149384579607162
0.0006125000000000014	0.0001493845629956427
0.0006150000000000014	0.0001493845462272822
0.0006175000000000014	0.0001493845293014175
0.0006200000000000014	0.0001493845122173924
0.0006225000000000014	0.0001493844949745482
0.0006250000000000014	0.0001493844775722311
0.0006275000000000014	0.0001493844600097876
0.0006300000000000014	0.0001493844422865683
0.0006325000000000014	0.000149384424401924
0.0006350000000000014	0.0001493844063552102
0.0006375000000000015	0.000149384388145784
0.0006400000000000015	0.0001493843697730014
0.0006425000000000015	0.0001493843512362268
0.0006450000000000015	0.0001493843325348203
0.0006475000000000015	0.0001493843136681484
0.0006500000000000015	0.0001493842946355795
0.0006525000000000015	0.0001493842754364836
0.0006550000000000015	0.000149384256070232
0.0006575000000000015	0.0001493842365361999
0.0006600000000000015	0.0001493842168337638
0.0006625000000000015	0.000149384196962304
0.0006650000000000015	0.0001493841769212001
0.0006675000000000015	0.000149384156709839
0.0006700000000000015	0.0001493841363276033
0.0006725000000000015	0.000149384115773883
0.0006750000000000016	0.0001493840950480702
0.0006775000000000016	0.0001493840741495561
0.0006800000000000016	0.0001493840530777365
0.0006825000000000016	0.0001493840318320106
0.0006850000000000016	0.0001493840104117757
0.0006875000000000016	0.0001493839888164376
0.0006900000000000016	0.0001493839670453975
0.0006925000000000016	0.0001493839450980656
0.0006950000000000016	0.0001493839229738497
0.0006975000000000016	0.000149383900672163
0.0007000000000000016	0.0001493838781924185
0.0007025000000000016	0.000149383855534034
0.0007050000000000016	0.0001493838326964279
0.0007075000000000016	0.0001493838096790217
0.0007100000000000016	0.0001493837864812378
0.0007125000000000017	0.0001493837631025037
0.0007150000000000017	0.0001493837395422488
0.0007175000000000017	0.0001493837157999016
0.0007200000000000017	0.0001493836918748979
0.0007225000000000017	0.0001493836677666707
0.0007250000000000017	0.0001493836434746605
0.0007275000000000017	0.0001493836189983061
0.0007300000000000017	0.0001493835943370502
0.0007325000000000017	0.00014938356949034
0.0007350000000000017	0.0001493835444576215
0.0007375000000000017	0.000149383519238345
0.0007400000000000017	0.000149383493831962
0.0007425000000000017	0.0001493834682379289
0.0007450000000000017	0.0001493834424557023
0.0007475000000000017	0.0001493834164847421
0.0007500000000000018	0.0001493833903245102
0.0007525000000000018	0.0001493833639744702
0.0007550000000000018	0.0001493833374340903
0.0007575000000000018	0.0001493833107028388
0.0007600000000000018	0.0001493832837801867
0.0007625000000000018	0.0001493832566656095
0.0007650000000000018	0.0001493832293585834
0.0007675000000000018	0.0001493832018585877
0.0007700000000000018	0.0001493831741651002
0.0007725000000000018	0.0001493831462776101
0.0007750000000000018	0.0001493831181956003
0.0007775000000000018	0.0001493830899185583
0.0007800000000000018	0.0001493830614459768
0.0007825000000000018	0.000149383032777349
0.0007850000000000018	0.0001493830039121712
0.0007875000000000018	0.000149382974849939
0.0007900000000000019	0.0001493829455901562
0.0007925000000000019	0.0001493829161323229
0.0007950000000000019	0.0001493828864759462
0.0007975000000000019	0.0001493828566205336
0.0008000000000000019	0.0001493828265655945
0.0008025000000000019	0.0001493827963106436
0.0008050000000000019	0.0001493827658551917
0.0008075000000000019	0.0001493827351987605
0.0008100000000000019	0.0001493827043408662
0.0008125000000000019	0.0001493826732810333
0.0008150000000000019	0.0001493826420187867
0.0008175000000000019	0.0001493826105536523
0.0008200000000000019	0.0001493825788851581
0.0008225000000000019	0.0001493825470128377
0.0008250000000000019	0.0001493825149362248
0.000827500000000002	0.0001493824826548559
0.000830000000000002	0.0001493824501682692
0.000832500000000002	0.0001493824174760081
0.000835000000000002	0.000149382384577613
0.000837500000000002	0.0001493823514726324
0.000840000000000002	0.0001493823181606133
0.000842500000000002	0.0001493822846411077
0.000845000000000002	0.0001493822509136684
0.000847500000000002	0.0001493822169778499
0.000850000000000002	0.0001493821828332108
0.000852500000000002	0.0001493821484793126
0.000855000000000002	0.0001493821139157167
0.000857500000000002	0.0001493820791419875
0.000860000000000002	0.0001493820441576934
0.000862500000000002	0.0001493820089624045
0.0008650000000000021	0.0001493819735556917
0.0008675000000000021	0.0001493819379371301
0.0008700000000000021	0.0001493819021062955
0.0008725000000000021	0.0001493818660627685
0.0008750000000000021	0.0001493818298061301
0.0008775000000000021	0.000149381793335964
0.0008800000000000021	0.0001493817566518557
0.0008825000000000021	0.0001493817197533946
0.0008850000000000021	0.0001493816826401703
0.0008875000000000021	0.0001493816453117788
0.0008900000000000021	0.000149381607767812
0.0008925000000000021	0.0001493815700078693
0.0008950000000000021	0.0001493815320315519
0.0008975000000000021	0.0001493814938384603
0.0009000000000000021	0.0001493814554282002
0.0009025000000000022	0.0001493814168003783
0.0009050000000000022	0.0001493813779546049
0.0009075000000000022	0.0001493813388904911
0.0009100000000000022	0.0001493812996076501
0.0009125000000000022	0.0001493812601056989
0.0009150000000000022	0.0001493812203842563
0.0009175000000000022	0.0001493811804429415
0.0009200000000000022	0.0001493811402813796
0.0009225000000000022	0.0001493810998991956
0.0009250000000000022	0.0001493810592960163
0.0009275000000000022	0.0001493810184714728
0.0009300000000000022	0.000149380977425196
0.0009325000000000022	0.0001493809361568219
0.0009350000000000022	0.0001493808946659866
0.0009375000000000022	0.0001493808529523297
0.0009400000000000022	0.0001493808110154899
0.0009425000000000023	0.0001493807688551128
0.0009450000000000023	0.0001493807264708443
0.0009475000000000023	0.0001493806838623328
0.0009500000000000023	0.0001493806410292269
0.0009525000000000023	0.0001493805979711804
0.0009550000000000023	0.000149380554687847
0.0009575000000000023	0.0001493805111788853
0.0009600000000000023	0.0001493804674439529
0.0009625000000000023	0.0001493804234827106
0.0009650000000000023	0.0001493803792948241
0.0009675000000000023	0.0001493803348799573
0.0009700000000000023	0.0001493802902377798
0.0009725000000000023	0.0001493802453679595
0.0009750000000000023	0.0001493802002701721
0.0009775000000000022	0.000149380154944089
0.0009800000000000021	0.0001493801093893869
0.000982500000000002	0.0001493800636057494
0.0009850000000000019	0.0001493800175928519
0.0009875000000000018	0.0001493799713503814
0.0009900000000000017	0.0001493799248780207
0.0009925000000000016	0.0001493798781754596
0.0009950000000000015	0.0001493798312423877
0.0009975000000000014	0.000149379784078494
0.001000000000000001	0.0001493797366834769
0.001002500000000001	0.0001493796890570298
0.001005000000000001	0.0001493796411988519
0.001007500000000001	0.0001493795931086437
0.001010000000000001	0.0001493795447861087
0.001012500000000001	0.000149379496230948
0.001015000000000001	0.0001493794474428741
0.001017500000000001	0.0001493793984215914
0.001020000000000001	0.0001493793491668137
0.0010225	0.0001493792996782521
0.001025	0.0001493792499556236
0.0010275	0.000149379199998646
0.00103	0.0001493791498070359
0.0010325	0.0001493790993805191
0.001035	0.0001493790487188146
0.0010375	0.0001493789978216523
0.00104	0.0001493789466887571
0.0010425	0.0001493788953198595
0.001044999999999999	0.0001493788437146928
0.001047499999999999	0.0001493787918729891
0.001049999999999999	0.0001493787397944864
0.001052499999999999	0.0001493786874789216
0.001054999999999999	0.0001493786349260353
0.001057499999999999	0.000149378582135569
0.001059999999999999	0.0001493785291072671
0.001062499999999999	0.0001493784758408774
0.001064999999999999	0.0001493784223361454
0.001067499999999999	0.0001493783685928236
0.001069999999999998	0.0001493783146106631
0.001072499999999998	0.0001493782603894184
0.001074999999999998	0.0001493782059288467
0.001077499999999998	0.000149378151228704
0.001079999999999998	0.0001493780962887518
0.001082499999999998	0.0001493780411087552
0.001084999999999998	0.0001493779856884736
0.001087499999999998	0.0001493779300276749
0.001089999999999998	0.000149377874126129
0.001092499999999998	0.0001493778179836043
0.001094999999999997	0.0001493777615998736
0.001097499999999997	0.0001493777049747103
0.001099999999999997	0.0001493776481078916
0.001102499999999997	0.0001493775909991932
0.001104999999999997	0.0001493775336483974
0.001107499999999997	0.0001493774760552851
0.001109999999999997	0.0001493774182196388
0.001112499999999997	0.0001493773601412449
0.001114999999999997	0.0001493773018198926
0.001117499999999997	0.0001493772432553702
0.001119999999999996	0.0001493771844474668
0.001122499999999996	0.0001493771253959795
0.001124999999999996	0.0001493770661007006
0.001127499999999996	0.0001493770065614293
0.001129999999999996	0.0001493769467779626
0.001132499999999996	0.000149376886750103
0.001134999999999996	0.0001493768264776518
0.001137499999999996	0.0001493767659604137
0.001139999999999996	0.0001493767051981967
0.001142499999999996	0.000149376644190806
0.001144999999999995	0.0001493765829380555
0.001147499999999995	0.0001493765214397545
0.001149999999999995	0.0001493764596957177
0.001152499999999995	0.0001493763977057602
0.001154999999999995	0.0001493763354697001
0.001157499999999995	0.0001493762729873562
0.001159999999999995	0.0001493762102585509
0.001162499999999995	0.0001493761472831045
0.001164999999999995	0.0001493760840608439
0.001167499999999994	0.0001493760205915954
0.001169999999999994	0.000149375956875186
0.001172499999999994	0.0001493758929114476
0.001174999999999994	0.0001493758287002104
0.001177499999999994	0.00014937576424131
0.001179999999999994	0.0001493756995345798
0.001182499999999994	0.0001493756345798585
0.001184999999999994	0.0001493755693769837
0.001187499999999994	0.0001493755039257984
0.001189999999999994	0.0001493754382261426
0.001192499999999993	0.0001493753722778614
0.001194999999999993	0.0001493753060808019
0.001197499999999993	0.0001493752396348105
0.001199999999999993	0.0001493751729397375
0.001202499999999993	0.0001493751059954321
0.001204999999999993	0.0001493750388017499
0.001207499999999993	0.0001493749713585445
0.001209999999999993	0.0001493749036656722
0.001212499999999993	0.0001493748357229905
0.001214999999999993	0.0001493747675303594
0.001217499999999992	0.0001493746990876407
0.001219999999999992	0.0001493746303946967
0.001222499999999992	0.0001493745614513934
0.001224999999999992	0.0001493744922575954
0.001227499999999992	0.0001493744228131728
0.001229999999999992	0.0001493743531179944
0.001232499999999992	0.0001493742831719312
0.001234999999999992	0.0001493742129748569
0.001237499999999992	0.0001493741425266468
0.001239999999999992	0.0001493740718271764
0.001242499999999991	0.000149374000876324
0.001244999999999991	0.0001493739296739707
0.001247499999999991	0.0001493738582199955
0.001249999999999991	0.0001493737865142815
0.001252499999999991	0.0001493737145567155
0.001254999999999991	0.0001493736423471806
0.001257499999999991	0.0001493735698855664
0.001259999999999991	0.0001493734971717626
0.001262499999999991	0.0001493734242056601
0.001264999999999991	0.0001493733509871499
0.00126749999999999	0.0001493732775161269
0.00126999999999999	0.0001493732037924862
0.00127249999999999	0.0001493731298161271
0.00127499999999999	0.0001493730555869472
0.00127749999999999	0.0001493729811048456
0.00127999999999999	0.0001493729063697267
0.00128249999999999	0.0001493728313814928
0.00128499999999999	0.0001493727561400492
0.00128749999999999	0.0001493726806453011
0.00128999999999999	0.0001493726048971592
0.001292499999999989	0.0001493725288955307
0.001294999999999989	0.0001493724526403285
0.001297499999999989	0.0001493723761314641
0.001299999999999989	0.0001493722993688534
0.001302499999999989	0.0001493722223524091
0.001304999999999989	0.0001493721450820519
0.001307499999999989	0.0001493720675576991
0.001309999999999989	0.0001493719897792703
0.001312499999999989	0.0001493719117466874
0.001314999999999988	0.0001493718334598752
0.001317499999999988	0.0001493717549187572
0.001319999999999988	0.0001493716761232584
0.001322499999999988	0.000149371597073308
0.001324999999999988	0.0001493715177688347
0.001327499999999988	0.0001493714382097691
0.001329999999999988	0.0001493713583960424
0.001332499999999988	0.0001493712783275889
0.001334999999999988	0.0001493711980043436
0.001337499999999988	0.0001493711174262421
0.001339999999999987	0.0001493710365932242
0.001342499999999987	0.0001493709555052258
0.001344999999999987	0.0001493708741621891
0.001347499999999987	0.0001493707925640553
0.001349999999999987	0.0001493707107107699
0.001352499999999987	0.0001493706286022763
0.001354999999999987	0.0001493705462385203
0.001357499999999987	0.0001493704636194513
0.001359999999999987	0.0001493703807450155
0.001362499999999987	0.0001493702976151649
0.001364999999999986	0.0001493702142298522
0.001367499999999986	0.0001493701305890288
0.001369999999999986	0.0001493700466926498
0.001372499999999986	0.0001493699625406712
0.001374999999999986	0.0001493698781330511
0.001377499999999986	0.0001493697934697463
0.001379999999999986	0.0001493697085507176
0.001382499999999986	0.0001493696233759276
0.001384999999999986	0.0001493695379453355
0.001387499999999986	0.0001493694522589089
0.001389999999999985	0.0001493693663166107
0.001392499999999985	0.0001493692801184099
0.001394999999999985	0.0001493691936642712
0.001397499999999985	0.0001493691069541657
0.001399999999999985	0.0001493690199880644
0.001402499999999985	0.0001493689327659381
0.001404999999999985	0.0001493688452877597
0.001407499999999985	0.0001493687575535052
0.001409999999999985	0.0001493686695631482
0.001412499999999985	0.0001493685813166676
0.001414999999999984	0.0001493684928140412
0.001417499999999984	0.0001493684040552474
0.001419999999999984	0.0001493683150402688
0.001422499999999984	0.0001493682257690858
0.001424999999999984	0.0001493681362416817
0.001427499999999984	0.0001493680464580432
0.001429999999999984	0.0001493679564181547
0.001432499999999984	0.0001493678661220031
0.001434999999999984	0.0001493677755695775
0.001437499999999983	0.0001493676847608663
0.001439999999999983	0.0001493675936958605
0.001442499999999983	0.0001493675023745534
0.001444999999999983	0.0001493674107969382
0.001447499999999983	0.000149367318963007
0.001449999999999983	0.0001493672268727574
0.001452499999999983	0.0001493671345261865
0.001454999999999983	0.0001493670419232917
0.001457499999999983	0.0001493669490640714
0.001459999999999983	0.000149366855948528
0.001462499999999982	0.0001493667625766617
0.001464999999999982	0.0001493666689484756
0.001467499999999982	0.0001493665750639736
0.001469999999999982	0.0001493664809231622
0.001472499999999982	0.0001493663865260448
0.001474999999999982	0.0001493662918726319
0.001477499999999982	0.0001493661969629299
0.001479999999999982	0.0001493661017969508
0.001482499999999982	0.000149366006374704
0.001484999999999982	0.0001493659106962013
0.001487499999999981	0.0001493658147614572
0.001489999999999981	0.0001493657185704848
0.001492499999999981	0.000149365622123301
0.001494999999999981	0.0001493655254199216
0.001497499999999981	0.0001493654284603651
0.001499999999999981	0.0001493653312446476
0.001502499999999981	0.0001493652337727928
0.001504999999999981	0.0001493651360448197
0.001507499999999981	0.0001493650380607514
0.001509999999999981	0.0001493649398206094
0.00151249999999998	0.0001493648413244203
0.00151499999999998	0.0001493647425722086
0.00151749999999998	0.0001493646435640008
0.00151999999999998	0.0001493645442998236
0.00152249999999998	0.0001493644447797086
0.00152499999999998	0.0001493643450036821
0.00152749999999998	0.0001493642449717761
0.00152999999999998	0.000149364144684024
0.00153249999999998	0.000149364044140457
0.00153499999999998	0.00014936394334111
0.001537499999999979	0.0001493638422860166
0.001539999999999979	0.0001493637409752143
0.001542499999999979	0.0001493636394087405
0.001544999999999979	0.0001493635375866336
0.001547499999999979	0.0001493634355089307
0.001549999999999979	0.0001493633331756732
0.001552499999999979	0.0001493632305869032
0.001554999999999979	0.0001493631277426616
0.001557499999999979	0.0001493630246429921
0.001559999999999979	0.0001493629212879397
0.001562499999999978	0.0001493628176775498
0.001564999999999978	0.000149362713811867
0.001567499999999978	0.0001493626096909391
0.001569999999999978	0.0001493625053148153
0.001572499999999978	0.0001493624006835441
0.001574999999999978	0.000149362295797177
0.001577499999999978	0.000149362190655764
0.001579999999999978	0.0001493620852593566
0.001582499999999978	0.00014936197960801
0.001584999999999977	0.0001493618737017773
0.001587499999999977	0.0001493617675407121
0.001589999999999977	0.0001493616611248723
0.001592499999999977	0.0001493615544543155
0.001594999999999977	0.000149361447529098
0.001597499999999977	0.000149361340349279
0.001599999999999977	0.0001493612329149191
0.001602499999999977	0.0001493611252260769
0.001604999999999977	0.0001493610172828174
0.001607499999999977	0.0001493609090852016
0.001609999999999976	0.000149360800633292
0.001612499999999976	0.000149360691927154
0.001614999999999976	0.0001493605829668541
0.001617499999999976	0.0001493604737524571
0.001619999999999976	0.0001493603642840303
0.001622499999999976	0.0001493602545616422
0.001624999999999976	0.0001493601445853621
0.001627499999999976	0.0001493600343552595
0.001629999999999976	0.0001493599238714051
0.001632499999999976	0.0001493598131338697
0.001634999999999975	0.0001493597021427279
0.001637499999999975	0.0001493595908980521
0.001639999999999975	0.0001493594793999162
0.001642499999999975	0.0001493593676483966
0.001644999999999975	0.0001493592556435679
0.001647499999999975	0.0001493591433855071
0.001649999999999975	0.0001493590308742927
0.001652499999999975	0.0001493589181100032
0.001654999999999975	0.000149358805092717
0.001657499999999975	0.0001493586918225181
0.001659999999999974	0.0001493585782994831
0.001662499999999974	0.0001493584645236958
0.001664999999999974	0.0001493583504952386
0.001667499999999974	0.0001493582362141968
0.001669999999999974	0.0001493581216806534
0.001672499999999974	0.0001493580068946929
0.001674999999999974	0.000149357891856404
0.001677499999999974	0.0001493577765658725
0.001679999999999974	0.000149357661023185
0.001682499999999974	0.0001493575452284319
0.001684999999999973	0.0001493574291817013
0.001687499999999973	0.000149357312883083
0.001689999999999973	0.0001493571963326701
0.001692499999999973	0.0001493570795305519
0.001694999999999973	0.0001493569624768225
0.001697499999999973	0.0001493568451715744
0.001699999999999973	0.0001493567276149034
0.001702499999999973	0.0001493566098069027
0.001704999999999973	0.0001493564917476678
0.001707499999999972	0.0001493563734372966
0.001709999999999972	0.0001493562548758849
0.001712499999999972	0.0001493561360635318
0.001714999999999972	0.0001493560170003358
0.001717499999999972	0.0001493558976863955
0.001719999999999972	0.0001493557781218132
0.001722499999999972	0.0001493556583066862
0.001724999999999972	0.0001493555382411201
0.001727499999999972	0.0001493554179252157
0.001729999999999972	0.0001493552973590765
0.001732499999999971	0.0001493551765428058
0.001734999999999971	0.0001493550554765096
0.001737499999999971	0.0001493549341602911
0.001739999999999971	0.0001493548125942601
0.001742499999999971	0.0001493546907785192
0.001744999999999971	0.0001493545687131797
0.001747499999999971	0.0001493544463983472
0.001749999999999971	0.0001493543238341325
0.001752499999999971	0.0001493542010206444
0.001754999999999971	0.000149354077957993
0.00175749999999997	0.00014935395464629
0.00175999999999997	0.0001493538310856482
0.00176249999999997	0.0001493537072761771
0.00176499999999997	0.0001493535832179926
0.00176749999999997	0.0001493534589112084
0.00176999999999997	0.000149353334355938
0.00177249999999997	0.000149353209552296
0.00177499999999997	0.0001493530845004006
0.00177749999999997	0.0001493529592003671
0.00177999999999997	0.0001493528336523115
0.001782499999999969	0.0001493527078563532
0.001784999999999969	0.0001493525818126115
0.001787499999999969	0.0001493524555212046
0.001789999999999969	0.0001493523289822532
0.001792499999999969	0.0001493522021958754
0.001794999999999969	0.0001493520751621947
0.001797499999999969	0.0001493519478813306
0.001799999999999969	0.0001493518203534102
0.001802499999999969	0.0001493516925785521
0.001804999999999969	0.0001493515645568828
0.001807499999999968	0.0001493514362885246
0.001809999999999968	0.0001493513077736035
0.001812499999999968	0.0001493511790122445
0.001814999999999968	0.0001493510500045739
0.001817499999999968	0.0001493509207507208
0.001819999999999968	0.0001493507912508102
0.001822499999999968	0.0001493506615049713
0.001824999999999968	0.0001493505315133307
0.001827499999999968	0.0001493504012760204
0.001829999999999968	0.000149350270793171
0.001832499999999967	0.0001493501400649093
0.001834999999999967	0.0001493500090913694
0.001837499999999967	0.0001493498778726809
0.001839999999999967	0.0001493497464089782
0.001842499999999967	0.0001493496147003937
0.001844999999999967	0.0001493494827470585
0.001847499999999967	0.0001493493505491105
0.001849999999999967	0.0001493492181066811
0.001852499999999967	0.0001493490854199062
0.001854999999999966	0.0001493489524889236
0.001857499999999966	0.0001493488193138668
0.001859999999999966	0.0001493486858948745
0.001862499999999966	0.000149348552232084
0.001864999999999966	0.0001493484183256327
0.001867499999999966	0.0001493482841756586
0.001869999999999966	0.000149348149782303
0.001872499999999966	0.0001493480151457031
0.001874999999999966	0.0001493478802660003
0.001877499999999966	0.0001493477451433363
0.001879999999999965	0.0001493476097778503
0.001882499999999965	0.0001493474741696854
0.001884999999999965	0.0001493473383189835
0.001887499999999965	0.0001493472022258884
0.001889999999999965	0.0001493470658905429
0.001892499999999965	0.0001493469293130897
0.001894999999999965	0.0001493467924936756
0.001897499999999965	0.000149346655432446
0.001899999999999965	0.0001493465181295432
0.001902499999999965	0.0001493463805851141
0.001904999999999964	0.0001493462427993087
0.001907499999999964	0.0001493461047722697
0.001909999999999964	0.0001493459665041475
0.001912499999999964	0.0001493458279950874
0.001914999999999964	0.0001493456892452414
0.001917499999999964	0.0001493455502547561
0.001919999999999964	0.0001493454110237821
0.001922499999999964	0.0001493452715524692
0.001924999999999964	0.0001493451318409672
0.001927499999999964	0.0001493449918894285
0.001929999999999963	0.0001493448516980027
0.001932499999999963	0.0001493447112668438
0.001934999999999963	0.0001493445705961028
0.001937499999999963	0.0001493444296859333
0.001939999999999963	0.0001493442885364895
0.001942499999999963	0.0001493441471479241
0.001944999999999963	0.0001493440055203907
0.001947499999999963	0.0001493438636540465
0.001949999999999963	0.0001493437215490445
0.001952499999999963	0.0001493435792055424
0.001954999999999962	0.0001493434366236929
0.001957499999999962	0.0001493432938036565
0.001959999999999962	0.0001493431507455893
0.001962499999999962	0.000149343007449647
0.001964999999999962	0.0001493428639159899
0.001967499999999962	0.0001493427201447746
0.001969999999999962	0.0001493425761361611
0.001972499999999962	0.0001493424318903085
0.001974999999999962	0.0001493422874073758
0.001977499999999961	0.0001493421426875236
0.001979999999999961	0.0001493419977309128
0.001982499999999961	0.0001493418525377038
0.001984999999999961	0.000149341707108058
0.001987499999999961	0.0001493415614421384
0.001989999999999961	0.000149341415540106
0.001992499999999961	0.0001493412694021238
0.001994999999999961	0.0001493411230283546
0.001997499999999961	0.0001493409764189637
0.001999999999999961	0.0001493408295741129
0.00200249999999996	0.0001493406824939662
0.00200499999999996	0.0001493405351786905
0.00200749999999996	0.00014934038762845
0.00200999999999996	0.0001493402398434088
0.00201249999999996	0.0001493400918237356
0.00201499999999996	0.000149339943569593
0.00201749999999996	0.0001493397950811518
0.00201999999999996	0.0001493396463585756
0.00202249999999996	0.0001493394974020339
0.00202499999999996	0.0001493393482116944
0.002027499999999959	0.0001493391987877238
0.002029999999999959	0.0001493390491302935
0.002032499999999959	0.0001493388992395695
0.002034999999999959	0.0001493387491157223
0.002037499999999959	0.0001493385987589221
0.002039999999999959	0.000149338448169339
0.002042499999999959	0.0001493382973471424
0.002044999999999959	0.0001493381462925046
0.002047499999999959	0.0001493379950055959
0.002049999999999959	0.0001493378434865889
0.002052499999999958	0.0001493376917356529
0.002054999999999958	0.0001493375397529628
0.002057499999999958	0.0001493373875386902
0.002059999999999958	0.0001493372350930078
0.002062499999999958	0.0001493370824160898
0.002064999999999958	0.0001493369295081082
0.002067499999999958	0.0001493367763692383
0.002069999999999958	0.0001493366229996554
0.002072499999999958	0.0001493364693995318
0.002074999999999958	0.0001493363155690444
0.002077499999999957	0.000149336161508367
0.002079999999999957	0.0001493360072176762
0.002082499999999957	0.0001493358526971488
0.002084999999999957	0.0001493356979469576
0.002087499999999957	0.0001493355429672847
0.002089999999999957	0.0001493353877583036
0.002092499999999957	0.0001493352323201905
0.002094999999999957	0.0001493350766531261
0.002097499999999957	0.0001493349207572869
0.002099999999999957	0.0001493347646328504
0.002102499999999956	0.0001493346082799966
0.002104999999999956	0.0001493344516989023
0.002107499999999956	0.0001493342948897486
0.002109999999999956	0.0001493341378527151
0.002112499999999956	0.0001493339805879806
0.002114999999999956	0.0001493338230957238
0.002117499999999956	0.0001493336653761274
0.002119999999999956	0.0001493335074293722
0.002122499999999956	0.0001493333492556369
0.002124999999999955	0.0001493331908551046
0.002127499999999955	0.0001493330322279556
0.002129999999999955	0.000149332873374374
0.002132499999999955	0.0001493327142945383
0.002134999999999955	0.0001493325549886339
0.002137499999999955	0.0001493323954568421
0.002139999999999955	0.0001493322356993463
0.002142499999999955	0.0001493320757163296
0.002144999999999955	0.0001493319155079756
0.002147499999999955	0.0001493317550744668
0.002149999999999954	0.0001493315944159893
0.002152499999999954	0.0001493314335327268
0.002154999999999954	0.0001493312724248626
0.002157499999999954	0.0001493311110925822
0.002159999999999954	0.0001493309495360715
0.002162499999999954	0.0001493307877555156
0.002164999999999954	0.0001493306257510988
0.002167499999999954	0.0001493304635230091
0.002169999999999954	0.0001493303010714313
0.002172499999999954	0.0001493301383965513
0.002174999999999953	0.0001493299754985562
0.002177499999999953	0.0001493298123776335
0.002179999999999953	0.0001493296490339698
0.002182499999999953	0.0001493294854677522
0.002184999999999953	0.0001493293216791685
0.002187499999999953	0.0001493291576684071
0.002189999999999953	0.0001493289934356556
0.002192499999999953	0.0001493288289811024
0.002194999999999953	0.0001493286643049348
0.002197499999999953	0.0001493284994073436
0.002199999999999952	0.0001493283342885175
0.002202499999999952	0.0001493281689486442
0.002204999999999952	0.0001493280033879148
0.002207499999999952	0.000149327837606518
0.002209999999999952	0.000149327671604644
0.002212499999999952	0.0001493275053824832
0.002214999999999952	0.0001493273389402265
0.002217499999999952	0.0001493271722780619
0.002219999999999952	0.0001493270053961835
0.002222499999999952	0.0001493268382947802
0.002224999999999951	0.0001493266709740445
0.002227499999999951	0.0001493265034341665
0.002229999999999951	0.0001493263356753387
0.002232499999999951	0.0001493261676977526
0.002234999999999951	0.0001493259995016004
0.002237499999999951	0.0001493258310870737
0.002239999999999951	0.0001493256624543663
0.002242499999999951	0.0001493254936036697
0.002244999999999951	0.0001493253245351771
0.00224749999999995	0.0001493251552490819
0.00224999999999995	0.000149324985745576
0.00225249999999995	0.0001493248160248543
0.00225499999999995	0.0001493246460871095
0.00225749999999995	0.0001493244759325374
0.00225999999999995	0.0001493243055613289
0.00226249999999995	0.0001493241349736794
0.00226499999999995	0.0001493239641697844
0.00226749999999995	0.0001493237931498372
0.00226999999999995	0.0001493236219140329
0.002272499999999949	0.0001493234504625657
0.002274999999999949	0.0001493232787956321
0.002277499999999949	0.0001493231069134255
0.002279999999999949	0.0001493229348161429
0.002282499999999949	0.0001493227625039792
0.002284999999999949	0.0001493225899771296
0.002287499999999949	0.0001493224172357921
0.002289999999999949	0.0001493222442801605
0.002292499999999949	0.000149322071110432
0.002294999999999949	0.0001493218977268029
0.002297499999999948	0.0001493217241294697
0.002299999999999948	0.0001493215503186299
0.002302499999999948	0.0001493213762944782
0.002304999999999948	0.0001493212020572137
0.002307499999999948	0.0001493210276070341
0.002309999999999948	0.0001493208529441347
0.002312499999999948	0.0001493206780687143
0.002314999999999948	0.000149320502980971
0.002317499999999948	0.0001493203276811013
0.002319999999999948	0.0001493201521693037
0.002322499999999947	0.0001493199764457756
0.002324999999999947	0.0001493198005107166
0.002327499999999947	0.0001493196243643242
0.002329999999999947	0.0001493194480067981
0.002332499999999947	0.0001493192714383339
0.002334999999999947	0.0001493190946591339
0.002337499999999947	0.0001493189176693961
0.002339999999999947	0.0001493187404693176
0.002342499999999947	0.0001493185630590999
0.002344999999999947	0.0001493183854389426
0.002347499999999946	0.0001493182076090417
0.002349999999999946	0.0001493180295696008
0.002352499999999946	0.0001493178513208169
0.002354999999999946	0.0001493176728628923
0.002357499999999946	0.0001493174941960241
0.002359999999999946	0.0001493173153204148
0.002362499999999946	0.0001493171362362628
0.002364999999999946	0.0001493169569437691
0.002367499999999946	0.0001493167774431346
0.002369999999999946	0.0001493165977345606
0.002372499999999945	0.0001493164178182462
0.002374999999999945	0.0001493162376943913
0.002377499999999945	0.0001493160573631986
0.002379999999999945	0.0001493158768248686
0.002382499999999945	0.0001493156960796018
0.002384999999999945	0.0001493155151276023
0.002387499999999945	0.0001493153339690672
0.002389999999999945	0.0001493151526042009
0.002392499999999945	0.0001493149710332033
0.002394999999999944	0.0001493147892562766
0.002397499999999944	0.0001493146072736219
0.002399999999999944	0.0001493144250854438
0.002402499999999944	0.0001493142426919403
0.002404999999999944	0.0001493140600933161
0.002407499999999944	0.0001493138772897715
0.002409999999999944	0.00014931369428151
0.002412499999999944	0.0001493135110687334
0.002414999999999944	0.000149313327651645
0.002417499999999944	0.0001493131440304458
0.002419999999999943	0.0001493129602053386
0.002422499999999943	0.0001493127761765262
0.002424999999999943	0.000149312591944213
0.002427499999999943	0.0001493124075085997
0.002429999999999943	0.0001493122228698896
0.002432499999999943	0.0001493120380282868
0.002434999999999943	0.0001493118529839937
0.002437499999999943	0.0001493116677372125
0.002439999999999943	0.0001493114822881467
0.002442499999999943	0.0001493112966370006
0.002444999999999942	0.0001493111107839768
0.002447499999999942	0.0001493109247292797
0.002449999999999942	0.0001493107384731123
0.002452499999999942	0.000149310552015677
0.002454999999999942	0.0001493103653571783
0.002457499999999942	0.0001493101784978214
0.002459999999999942	0.0001493099914378065
0.002462499999999942	0.000149309804177342
0.002464999999999942	0.0001493096167166278
0.002467499999999942	0.0001493094290558698
0.002469999999999941	0.0001493092411952714
0.002472499999999941	0.0001493090531350384
0.002474999999999941	0.0001493088648753721
0.002477499999999941	0.0001493086764164789
0.002479999999999941	0.0001493084877585623
0.002482499999999941	0.0001493082989018261
0.002484999999999941	0.0001493081098464754
0.002487499999999941	0.0001493079205927145
0.002489999999999941	0.0001493077311407481
0.002492499999999941	0.0001493075414907809
0.00249499999999994	0.000149307351643016
0.00249749999999994	0.0001493071615976585
0.00249999999999994	0.0001493069713549151
0.00250249999999994	0.0001493067809149884
0.00250499999999994	0.0001493065902780841
0.00250749999999994	0.0001493063994444064
0.00250999999999994	0.0001493062084141602
0.00251249999999994	0.0001493060171875498
0.00251499999999994	0.0001493058257647819
0.002517499999999939	0.000149305634146061
0.002519999999999939	0.0001493054423315901
0.002522499999999939	0.000149305250321577
0.002524999999999939	0.0001493050581162247
0.002527499999999939	0.0001493048657157397
0.002529999999999939	0.0001493046731203257
0.002532499999999939	0.0001493044803301887
0.002534999999999939	0.0001493042873455347
0.002537499999999939	0.0001493040941665678
0.002539999999999939	0.0001493039007934932
0.002542499999999938	0.0001493037072265168
0.002544999999999938	0.0001493035134658429
0.002547499999999938	0.0001493033195116784
0.002549999999999938	0.000149303125364227
0.002552499999999938	0.0001493029310236957
0.002554999999999938	0.0001493027364902885
0.002557499999999938	0.0001493025417642115
0.002559999999999938	0.0001493023468456708
0.002562499999999938	0.0001493021517348705
