0	4.99999999999999e-08
2.5e-06	4.999999999776771e-08
5e-06	5.000000068297372e-08
7.500000000000001e-06	5.000000342477089e-08
1e-05	5.000000959942107e-08
1.25e-05	5.000002058211173e-08
1.5e-05	5.000003774339451e-08
1.75e-05	5.000006244688449e-08
2e-05	5.000009604752285e-08
2.25e-05	5.000013989019085e-08
2.5e-05	5.00001953085889e-08
2.75e-05	5.000026362432631e-08
3e-05	5.000034614618529e-08
3.25e-05	5.000044416952405e-08
3.5e-05	5.00005589758019e-08
3.75e-05	5.00006918321955e-08
4e-05	5.000084399129984e-08
4.25e-05	5.000101669089521e-08
4.5e-05	5.000121115377047e-08
4.75e-05	5.000142858759194e-08
5e-05	5.000167018481263e-08
5.25e-05	5.000193712261536e-08
5.5e-05	5.000223056288166e-08
5.75e-05	5.000255165218665e-08
6e-05	5.000290152181251e-08
6.25e-05	5.000328128777933e-08
6.500000000000001e-05	5.000369205089118e-08
6.750000000000001e-05	5.000413489679263e-08
7.000000000000002e-05	5.000461089603957e-08
7.250000000000003e-05	5.000512110417324e-08
7.500000000000003e-05	5.000566656180803e-08
7.750000000000004e-05	5.000624829472076e-08
8.000000000000005e-05	5.000686731394996e-08
8.250000000000005e-05	5.000752461589605e-08
8.500000000000006e-05	5.000822118242753e-08
8.750000000000007e-05	5.000895798099019e-08
9.000000000000007e-05	5.000973596471955e-08
9.250000000000008e-05	5.001055607255512e-08
9.500000000000009e-05	5.001141922935635e-08
9.750000000000009e-05	5.001232634602159e-08
0.0001000000000000001	5.001327831960679e-08
0.0001025000000000001	5.001427603344597e-08
0.0001050000000000001	5.001532035727256e-08
0.0001075000000000001	5.001641214734237e-08
0.0001100000000000001	5.001755224655362e-08
0.0001125000000000001	5.001874148457151e-08
0.0001150000000000001	5.001998067795037e-08
0.0001175000000000001	5.002127063025528e-08
0.0001200000000000002	5.002261213218674e-08
0.0001225000000000002	5.002400596170082e-08
0.0001250000000000002	5.002545288413322e-08
0.0001275000000000002	5.002695365231882e-08
0.0001300000000000002	5.002850900671589e-08
0.0001325000000000002	5.00301196755239e-08
0.0001350000000000002	5.003178637480588e-08
0.0001375000000000002	5.003350980860646e-08
0.0001400000000000002	5.003529066907277e-08
0.0001425000000000002	5.003712963657171e-08
0.0001450000000000002	5.003902737980705e-08
0.0001475000000000002	5.00409845559386e-08
0.0001500000000000002	5.004300181069534e-08
0.0001525000000000002	5.004507977849382e-08
0.0001550000000000002	5.004721908255136e-08
0.0001575000000000003	5.004942033499989e-08
0.0001600000000000003	5.005168413699973e-08
0.0001625000000000003	5.005401107885106e-08
0.0001650000000000003	5.005640174010621e-08
0.0001675000000000003	5.005885668968042e-08
0.0001700000000000003	5.006137648595978e-08
0.0001725000000000003	5.006396167691186e-08
0.0001750000000000003	5.006661280019396e-08
0.0001775000000000003	5.006933038325975e-08
0.0001800000000000003	5.007211494346443e-08
0.0001825000000000003	5.007496698817189e-08
0.0001850000000000003	5.007788701485999e-08
0.0001875000000000003	5.008087551122145e-08
0.0001900000000000003	5.008393295526928e-08
0.0001925000000000003	5.008705981543841e-08
0.0001950000000000003	5.009025655068591e-08
0.0001975000000000004	5.009352361059204e-08
0.0002000000000000004	5.009686143546036e-08
0.0002025000000000004	5.010027045641517e-08
0.0002050000000000004	5.010375109550009e-08
0.0002075000000000004	5.0107303765774e-08
0.0002100000000000004	5.011092887140958e-08
0.0002125000000000004	5.011462680778585e-08
0.0002150000000000004	5.01183979615845e-08
0.0002175000000000004	5.012224271088259e-08
0.0002200000000000004	5.012616142524571e-08
0.0002225000000000004	5.013015446581958e-08
0.0002250000000000004	5.013422218542305e-08
0.0002275000000000004	5.013836492863572e-08
0.0002300000000000004	5.014258303188932e-08
0.0002325000000000004	5.014687682355665e-08
0.0002350000000000005	5.015124662403848e-08
0.0002375000000000005	5.015569274585257e-08
0.0002400000000000005	5.016021549371781e-08
0.0002425000000000005	5.016481516464171e-08
0.0002450000000000005	5.016949204800495e-08
0.0002475000000000005	5.017424642564475e-08
0.0002500000000000005	5.017907857193914e-08
0.0002525000000000005	5.018398875389022e-08
0.0002550000000000005	5.018897723120406e-08
0.0002575000000000005	5.019404425637301e-08
0.0002600000000000005	5.019919007475774e-08
0.0002625000000000005	5.020441492466334e-08
0.0002650000000000005	5.020971903742152e-08
0.0002675000000000005	5.021510263746769e-08
0.0002700000000000005	5.0220565942418e-08
0.0002725000000000006	5.022610916314744e-08
0.0002750000000000006	5.023173250386487e-08
0.0002775000000000006	5.023743616218861e-08
0.0002800000000000006	5.024322032922304e-08
0.0002825000000000006	5.024908518962898e-08
0.0002850000000000006	5.025503092170009e-08
0.0002875000000000006	5.026105769743583e-08
0.0002900000000000006	5.02671656826107e-08
0.0002925000000000006	5.027335503684878e-08
0.0002950000000000006	5.027962591369254e-08
0.0002975000000000006	5.02859784606735e-08
0.0003000000000000006	5.029241281938114e-08
0.0003025000000000006	5.029892912553384e-08
0.0003050000000000006	5.030552750904329e-08
0.0003075000000000006	5.031220809408519e-08
0.0003100000000000007	5.03189709991655e-08
0.0003125000000000007	5.032581633718541e-08
0.0003150000000000007	5.033274421550858e-08
0.0003175000000000007	5.033975473602557e-08
0.0003200000000000007	5.034684799521783e-08
0.0003225000000000007	5.0354024084222e-08
0.0003250000000000007	5.036128308889345e-08
0.0003275000000000007	5.036862508986849e-08
0.0003300000000000007	5.037605016262678e-08
0.0003325000000000007	5.038355837755236e-08
0.0003350000000000007	5.039114979999491e-08
0.0003375000000000007	5.03988244903305e-08
0.0003400000000000007	5.040658250401919e-08
0.0003425000000000007	5.04144238916692e-08
0.0003450000000000007	5.04223486990886e-08
0.0003475000000000007	5.043035696735027e-08
0.0003500000000000008	5.043844873284425e-08
0.0003525000000000008	5.044662402733831e-08
0.0003550000000000008	5.045488287803167e-08
0.0003575000000000008	5.046322530761348e-08
0.0003600000000000008	5.047165133431594e-08
0.0003625000000000008	5.048016097197134e-08
0.0003650000000000008	5.04887542300637e-08
0.0003675000000000008	5.049743111378661e-08
0.0003700000000000008	5.050619162409176e-08
0.0003725000000000008	5.051503575774652e-08
0.0003750000000000008	5.052396350738246e-08
0.0003775000000000008	5.053297486154869e-08
0.0003800000000000008	5.054206980476413e-08
0.0003825000000000008	5.055124831756697e-08
0.0003850000000000008	5.056051037656593e-08
0.0003875000000000009	5.056985595448865e-08
0.0003900000000000009	5.057928502023327e-08
0.0003925000000000009	5.05887975389157e-08
0.0003950000000000009	5.059839347191857e-08
0.0003975000000000009	5.060807277694016e-08
0.0004000000000000009	5.061783540803933e-08
0.0004025000000000009	5.062768131568588e-08
0.0004050000000000009	5.063761044680464e-08
0.0004075000000000009	5.064762274482335e-08
0.0004100000000000009	5.065771814971673e-08
0.0004125000000000009	5.066789659805355e-08
0.0004150000000000009	5.067815802303943e-08
0.0004175000000000009	5.06885023545641e-08
0.0004200000000000009	5.069892951924168e-08
0.0004225000000000009	5.070943944045702e-08
0.000425000000000001	5.072003203840828e-08
0.000427500000000001	5.073070723014952e-08
0.000430000000000001	5.074146492963228e-08
0.000432500000000001	5.075230504774788e-08
0.000435000000000001	5.076322749236979e-08
0.000437500000000001	5.077423216839236e-08
0.000440000000000001	5.078531897777512e-08
0.000442500000000001	5.079648781957929e-08
0.000445000000000001	5.080773859001e-08
0.000447500000000001	5.081907118245456e-08
0.000450000000000001	5.083048548752299e-08
0.000452500000000001	5.084198139308458e-08
0.000455000000000001	5.085355878430808e-08
0.000457500000000001	5.086521754369899e-08
0.000460000000000001	5.087695755113692e-08
0.0004625000000000011	5.088877868391287e-08
0.0004650000000000011	5.090068081676619e-08
0.0004675000000000011	5.091266382192135e-08
0.0004700000000000011	5.092472756912322e-08
0.0004725000000000011	5.093687192567321e-08
0.0004750000000000011	5.094909675646541e-08
0.0004775000000000011	5.096140192402045e-08
0.0004800000000000011	5.097378728852056e-08
0.0004825000000000011	5.098625270784428e-08
0.0004850000000000011	5.099879803759995e-08
0.0004875000000000011	5.101142313115983e-08
0.0004900000000000011	5.102412783969356e-08
0.0004925000000000011	5.103691201219973e-08
0.0004950000000000011	5.104977549554029e-08
0.0004975000000000011	5.106271813447287e-08
0.0005000000000000011	5.107573977168014e-08
0.0005025000000000011	5.108884024780504e-08
0.0005050000000000011	5.110201940148048e-08
0.0005075000000000011	5.111527706935956e-08
0.0005100000000000011	5.112861308614798e-08
0.0005125000000000011	5.114202728463302e-08
0.0005150000000000011	5.115551949571439e-08
0.0005175000000000011	5.116908954843451e-08
0.0005200000000000011	5.118273727000625e-08
0.0005225000000000012	5.119646248584433e-08
0.0005250000000000012	5.121026501959286e-08
0.0005275000000000012	5.122414469315443e-08
0.0005300000000000012	5.123810132671737e-08
0.0005325000000000012	5.125213473878533e-08
0.0005350000000000012	5.126624474620454e-08
0.0005375000000000012	5.12804311641908e-08
0.0005400000000000012	5.129469380635675e-08
0.0005425000000000012	5.13090324847395e-08
0.0005450000000000012	5.132344700982547e-08
0.0005475000000000012	5.133793719057942e-08
0.0005500000000000012	5.1352502834468e-08
0.0005525000000000012	5.136714374748643e-08
0.0005550000000000012	5.13818597341849e-08
0.0005575000000000012	5.139665059769308e-08
0.0005600000000000013	5.141151613974408e-08
0.0005625000000000013	5.142645616070112e-08
0.0005650000000000013	5.144147045958166e-08
0.0005675000000000013	5.145655883407956e-08
0.0005700000000000013	5.147172108059199e-08
0.0005725000000000013	5.148695699424135e-08
0.0005750000000000013	5.150226636889852e-08
0.0005775000000000013	5.151764899720786e-08
0.0005800000000000013	5.153310467060787e-08
0.0005825000000000013	5.154863317935635e-08
0.0005850000000000013	5.156423431255058e-08
0.0005875000000000013	5.157990785815162e-08
0.0005900000000000013	5.159565360300482e-08
0.0005925000000000013	5.161147133286244e-08
0.0005950000000000013	5.162736083240474e-08
0.0005975000000000014	5.16433218852618e-08
0.0006000000000000014	5.165935427403405e-08
0.0006025000000000014	5.167545778031436e-08
0.0006050000000000014	5.169163218470666e-08
0.0006075000000000014	5.170787726684861e-08
0.0006100000000000014	5.172419280543015e-08
0.0006125000000000014	5.174057857821398e-08
0.0006150000000000014	5.17570343620558e-08
0.0006175000000000014	5.177355993292405e-08
0.0006200000000000014	5.179015506591816e-08
0.0006225000000000014	5.180681953528833e-08
0.0006250000000000014	5.18235531144549e-08
0.0006275000000000014	5.184035557602584e-08
0.0006300000000000014	5.18572266918179e-08
0.0006325000000000014	5.187416623287123e-08
0.0006350000000000014	5.189117396947041e-08
0.0006375000000000015	5.190824967116209e-08
0.0006400000000000015	5.192539310677071e-08
0.0006425000000000015	5.194260404441829e-08
0.0006450000000000015	5.195988225154073e-08
0.0006475000000000015	5.197722749490618e-08
0.0006500000000000015	5.199463954062915e-08
0.0006525000000000015	5.201211815419119e-08
0.0006550000000000015	5.202966310045339e-08
0.0006575000000000015	5.20472741436768e-08
0.0006600000000000015	5.206495104753594e-08
0.0006625000000000015	5.208269357513564e-08
0.0006650000000000015	5.210050148902727e-08
0.0006675000000000015	5.211837455122399e-08
0.0006700000000000015	5.213631252321628e-08
0.0006725000000000015	5.215431516598842e-08
0.0006750000000000016	5.217238224003083e-08
0.0006775000000000016	5.219051350535882e-08
0.0006800000000000016	5.220870872152456e-08
0.0006825000000000016	5.222696764763374e-08
0.0006850000000000016	5.224529004235745e-08
0.0006875000000000016	5.226367566394984e-08
0.0006900000000000016	5.228212427025966e-08
0.0006925000000000016	5.230063561874575e-08
0.0006950000000000016	5.231920946649024e-08
0.0006975000000000016	5.23378455702124e-08
0.0007000000000000016	5.235654368628184e-08
0.0007025000000000016	5.237530357073407e-08
0.0007050000000000016	5.239412497927887e-08
0.0007075000000000016	5.241300766731917e-08
0.0007100000000000016	5.243195138996044e-08
0.0007125000000000017	5.245095590202341e-08
0.0007150000000000017	5.24700209580588e-08
0.0007175000000000017	5.248914631235763e-08
0.0007200000000000017	5.250833171896545e-08
0.0007225000000000017	5.252757693169285e-08
0.0007250000000000017	5.25468817041289e-08
0.0007275000000000017	5.256624578965144e-08
0.0007300000000000017	5.258566894144111e-08
0.0007325000000000017	5.260515091249103e-08
0.0007350000000000017	5.262469145561941e-08
0.0007375000000000017	5.264429032347958e-08
0.0007400000000000017	5.266394726857358e-08
0.0007425000000000017	5.268366204326041e-08
0.0007450000000000017	5.270343439976924e-08
0.0007475000000000017	5.272326409020921e-08
0.0007500000000000018	5.274315086657989e-08
0.0007525000000000018	5.276309448078312e-08
0.0007550000000000018	5.278309468463204e-08
0.0007575000000000018	5.280315122986163e-08
0.0007600000000000018	5.282326386813995e-08
0.0007625000000000018	5.284343235107756e-08
0.0007650000000000018	5.286365643023652e-08
0.0007675000000000018	5.288393585714184e-08
0.0007700000000000018	5.29042703832907e-08
0.0007725000000000018	5.292465976016067e-08
0.0007750000000000018	5.294510373922131e-08
0.0007775000000000018	5.296560207194245e-08
0.0007800000000000018	5.298615450980242e-08
0.0007825000000000018	5.300676080429998e-08
0.0007850000000000018	5.302742070695994e-08
0.0007875000000000018	5.304813396934445e-08
0.0007900000000000019	5.306890034306101e-08
0.0007925000000000019	5.308971957977091e-08
0.0007950000000000019	5.311059143119881e-08
0.0007975000000000019	5.313151564913858e-08
0.0008000000000000019	5.315249198546622e-08
0.0008025000000000019	5.317352019214215e-08
0.0008050000000000019	5.319460002122582e-08
0.0008075000000000019	5.321573122487785e-08
0.0008100000000000019	5.323691355537226e-08
0.0008125000000000019	5.325814676510265e-08
0.0008150000000000019	5.327943060658777e-08
0.0008175000000000019	5.330076483248415e-08
0.0008200000000000019	5.33221491955887e-08
0.0008225000000000019	5.334358344885012e-08
0.0008250000000000019	5.336506734537184e-08
0.000827500000000002	5.33866006384238e-08
0.000830000000000002	5.3408183081447e-08
0.000832500000000002	5.342981442806056e-08
0.000835000000000002	5.345149443206986e-08
0.000837500000000002	5.347322284747189e-08
0.000840000000000002	5.349499942846395e-08
0.000842500000000002	5.35168239294482e-08
0.000845000000000002	5.353869610504039e-08
0.000847500000000002	5.356061571007376e-08
0.000850000000000002	5.358258249960885e-08
0.000852500000000002	5.360459622893592e-08
0.000855000000000002	5.362665665358508e-08
0.000857500000000002	5.364876352932879e-08
0.000860000000000002	5.367091661219131e-08
0.000862500000000002	5.369311565845182e-08
0.0008650000000000021	5.371536042465229e-08
0.0008675000000000021	5.373765066760235e-08
0.0008700000000000021	5.375998614438588e-08
0.0008725000000000021	5.378236661236431e-08
0.0008750000000000021	5.380479182918586e-08
0.0008775000000000021	5.382726155278826e-08
0.0008800000000000021	5.384977554140511e-08
0.0008825000000000021	5.387233355357084e-08
0.0008850000000000021	5.389493534812726e-08
0.0008875000000000021	5.391758068422655e-08
0.0008900000000000021	5.394026932133838e-08
0.0008925000000000021	5.396300101925419e-08
0.0008950000000000021	5.398577553809149e-08
0.0008975000000000021	5.400859263830029e-08
0.0009000000000000021	5.403145208066667e-08
0.0009025000000000022	5.405435362631746e-08
0.0009050000000000022	5.407729703672572e-08
0.0009075000000000022	5.410028207371577e-08
0.0009100000000000022	5.412330849946564e-08
0.0009125000000000022	5.414637607651373e-08
0.0009150000000000022	5.416948456776198e-08
0.0009175000000000022	5.419263373648101e-08
0.0009200000000000022	5.421582334631331e-08
0.0009225000000000022	5.423905316127912e-08
0.0009250000000000022	5.42623229457786e-08
0.0009275000000000022	5.428563246459755e-08
0.0009300000000000022	5.430898148290977e-08
0.0009325000000000022	5.433236976628364e-08
0.0009350000000000022	5.435579708068306e-08
0.0009375000000000022	5.437926319247287e-08
0.0009400000000000022	5.440276786842238e-08
0.0009425000000000023	5.442631087570927e-08
0.0009450000000000023	5.444989198192283e-08
0.0009475000000000023	5.44735109550678e-08
0.0009500000000000023	5.449716756356759e-08
0.0009525000000000023	5.45208615762682e-08
0.0009550000000000023	5.454459276244118e-08
0.0009575000000000023	5.456836089178757e-08
0.0009600000000000023	5.459216573444051e-08
0.0009625000000000023	5.461600706096923e-08
0.0009650000000000023	5.463988464238115e-08
0.0009675000000000023	5.466379825012645e-08
0.0009700000000000023	5.468774765609994e-08
0.0009725000000000023	5.471173263264532e-08
0.0009750000000000023	5.473575295255589e-08
0.0009775000000000022	5.475980838908051e-08
0.0009800000000000021	5.478389871592387e-08
0.000982500000000002	5.480802370725106e-08
0.0009850000000000019	5.483218313768945e-08
0.0009875000000000018	5.485637678233114e-08
0.0009900000000000017	5.488060441673642e-08
0.0009925000000000016	5.490486581693672e-08
0.0009950000000000015	5.492916075943637e-08
0.0009975000000000014	5.49534890212136e-08
0.001000000000000001	5.497785037972666e-08
0.001002500000000001	5.500224461291411e-08
0.001005000000000001	5.502667149919684e-08
0.001007500000000001	5.505113081748024e-08
0.001010000000000001	5.507562234715906e-08
0.001012500000000001	5.510014586811652e-08
0.001015000000000001	5.512470116072789e-08
0.001017500000000001	5.514928800586304e-08
0.001020000000000001	5.517390618488757e-08
0.0010225	5.519855547966572e-08
0.001025	5.522323567256243e-08
0.0010275	5.524794654644428e-08
0.00103	5.527268788468215e-08
0.0010325	5.529745947115343e-08
0.001035	5.532226109024389e-08
0.0010375	5.534709252684886e-08
0.00104	5.53719535663749e-08
0.0010425	5.53968439947427e-08
0.001044999999999999	5.542176359838691e-08
0.001047499999999999	5.544671216426087e-08
0.001049999999999999	5.547168947983447e-08
0.001052499999999999	5.549669533309832e-08
0.001054999999999999	5.552172951256486e-08
0.001057499999999999	5.554679180726906e-08
0.001059999999999999	5.557188200677105e-08
0.001062499999999999	5.559699990115688e-08
0.001064999999999999	5.562214528103937e-08
0.001067499999999999	5.564731793756042e-08
0.001069999999999998	5.567251766239208e-08
0.001072499999999998	5.569774424773809e-08
0.001074999999999998	5.572299748633462e-08
0.001077499999999998	5.574827717145185e-08
0.001079999999999998	5.577358309689501e-08
0.001082499999999998	5.579891505700578e-08
0.001084999999999998	5.582427284666277e-08
0.001087499999999998	5.58496562612837e-08
0.001089999999999998	5.587506509682605e-08
0.001092499999999998	5.590049914978736e-08
0.001094999999999997	5.592595821720717e-08
0.001097499999999997	5.595144209666784e-08
0.001099999999999997	5.597695058629441e-08
0.001102499999999997	5.600248348475776e-08
0.001104999999999997	5.602804059127358e-08
0.001107499999999997	5.605362170560357e-08
0.001109999999999997	5.607922662805678e-08
0.001112499999999997	5.610485515948975e-08
0.001114999999999997	5.613050710130871e-08
0.001117499999999997	5.615618225546852e-08
0.001119999999999996	5.618188042447422e-08
0.001122499999999996	5.620760141138194e-08
0.001124999999999996	5.623334501979879e-08
0.001127499999999996	5.625911105388476e-08
0.001129999999999996	5.628489931835197e-08
0.001132499999999996	5.6310709618466e-08
0.001134999999999996	5.633654176004733e-08
0.001137499999999996	5.636239554946838e-08
0.001139999999999996	5.638827079365917e-08
0.001142499999999996	5.641416730010367e-08
0.001144999999999995	5.644008487684208e-08
0.001147499999999995	5.646602333247035e-08
0.001149999999999995	5.64919824761426e-08
0.001152499999999995	5.651796211756837e-08
0.001154999999999995	5.654396206701558e-08
0.001157499999999995	5.656998213530995e-08
0.001159999999999995	5.659602213383384e-08
0.001162499999999995	5.662208187453154e-08
0.001164999999999995	5.664816116990208e-08
0.001167499999999994	5.667425983300508e-08
0.001169999999999994	5.670037767746034e-08
0.001172499999999994	5.672651451744513e-08
0.001174999999999994	5.675267016769695e-08
0.001177499999999994	5.677884444351425e-08
0.001179999999999994	5.680503716075299e-08
0.001182499999999994	5.6831248135831e-08
0.001184999999999994	5.685747718572535e-08
0.001187499999999994	5.688372412797376e-08
0.001189999999999994	5.690998878067371e-08
0.001192499999999993	5.693627096248263e-08
0.001194999999999993	5.696257049261952e-08
0.001197499999999993	5.69888871908622e-08
0.001199999999999993	5.701522087754961e-08
0.001202499999999993	5.704157137358038e-08
0.001204999999999993	5.706793850041373e-08
0.001207499999999993	5.709432208006891e-08
0.001209999999999993	5.71207219351261e-08
0.001212499999999993	5.71471378887232e-08
0.001214999999999993	5.717356976455953e-08
0.001217499999999992	5.720001738689462e-08
0.001219999999999992	5.722648058054567e-08
0.001222499999999992	5.725295917089031e-08
0.001224999999999992	5.727945298386551e-08
0.001227499999999992	5.73059618459662e-08
0.001229999999999992	5.733248558424726e-08
0.001232499999999992	5.73590240263211e-08
0.001234999999999992	5.73855770003588e-08
0.001237499999999992	5.741214433508921e-08
0.001239999999999992	5.743872585979919e-08
0.001242499999999991	5.746532140433215e-08
0.001244999999999991	5.749193079908953e-08
0.001247499999999991	5.751855387502838e-08
0.001249999999999991	5.754519046366365e-08
0.001252499999999991	5.757184039706498e-08
0.001254999999999991	5.759850350785764e-08
0.001257499999999991	5.762517962922313e-08
0.001259999999999991	5.765186859489735e-08
0.001262499999999991	5.767857023917013e-08
0.001264999999999991	5.770528439688662e-08
0.00126749999999999	5.77320109034435e-08
0.00126999999999999	5.775874959479258e-08
0.00127249999999999	5.778550030743748e-08
0.00127499999999999	5.781226287843354e-08
0.00127749999999999	5.783903714538869e-08
0.00127999999999999	5.786582294646153e-08
0.00128249999999999	5.789262012036147e-08
0.00128499999999999	5.791942850634801e-08
0.00128749999999999	5.794624794422994e-08
0.00128999999999999	5.797307827436602e-08
0.001292499999999989	5.799991933766251e-08
0.001294999999999989	5.80267709755741e-08
0.001297499999999989	5.805363303010243e-08
0.001299999999999989	5.808050534379609e-08
0.001302499999999989	5.810738775975051e-08
0.001304999999999989	5.813428012160522e-08
0.001307499999999989	5.816118227354557e-08
0.001309999999999989	5.818809406030129e-08
0.001312499999999989	5.821501532714483e-08
0.001314999999999988	5.82419459198928e-08
0.001317499999999988	5.826888568490301e-08
0.001319999999999988	5.82958344690748e-08
0.001322499999999988	5.832279211984997e-08
0.001324999999999988	5.834975848520863e-08
0.001327499999999988	5.837673341367098e-08
0.001329999999999988	5.840371675429707e-08
0.001332499999999988	5.843070835668411e-08
0.001334999999999988	5.845770807096554e-08
0.001337499999999988	5.848471574781391e-08
0.001339999999999987	5.851173123843556e-08
0.001342499999999987	5.853875439457297e-08
0.001344999999999987	5.856578506850201e-08
0.001347499999999987	5.859282311303333e-08
0.001349999999999987	5.861986838150945e-08
0.001352499999999987	5.86469207278041e-08
0.001354999999999987	5.867398000632472e-08
0.001357499999999987	5.870104607200646e-08
0.001359999999999987	5.872811878031524e-08
0.001362499999999987	5.875519798724568e-08
0.001364999999999986	5.878228354931973e-08
0.001367499999999986	5.880937532358744e-08
0.001369999999999986	5.883647316762379e-08
0.001372499999999986	5.886357693953005e-08
0.001374999999999986	5.889068649793218e-08
0.001377499999999986	5.891780170197811e-08
0.001379999999999986	5.89449224113399e-08
0.001382499999999986	5.897204848621253e-08
0.001384999999999986	5.899917978730948e-08
0.001387499999999986	5.902631617586609e-08
0.001389999999999985	5.905345751363629e-08
0.001392499999999985	5.908060366289254e-08
0.001394999999999985	5.910775448642434e-08
0.001397499999999985	5.913490984753841e-08
0.001399999999999985	5.916206961005617e-08
0.001402499999999985	5.91892336383143e-08
0.001404999999999985	5.921640179716307e-08
0.001407499999999985	5.924357395196523e-08
0.001409999999999985	5.927074996859563e-08
0.001412499999999985	5.929792971343978e-08
0.001414999999999984	5.932511305339346e-08
0.001417499999999984	5.935229985586156e-08
0.001419999999999984	5.93794899887562e-08
0.001422499999999984	5.940668332049718e-08
0.001424999999999984	5.943387972001007e-08
0.001427499999999984	5.946107905672517e-08
0.001429999999999984	5.948828120057877e-08
0.001432499999999984	5.951548602200797e-08
0.001434999999999984	5.954269339195243e-08
0.001437499999999983	5.95699031818545e-08
0.001439999999999983	5.95971152636545e-08
0.001442499999999983	5.962432950979383e-08
0.001444999999999983	5.965154579321075e-08
0.001447499999999983	5.96787639873414e-08
0.001449999999999983	5.970598396611748e-08
0.001452499999999983	5.973320560396607e-08
0.001454999999999983	5.976042877580787e-08
0.001457499999999983	5.978765335705731e-08
0.001459999999999983	5.981487922362016e-08
0.001462499999999982	5.984210625189376e-08
0.001464999999999982	5.986933431876466e-08
0.001467499999999982	5.989656330160906e-08
0.001469999999999982	5.992379307829097e-08
0.001472499999999982	5.995102352715949e-08
0.001474999999999982	5.997825452705227e-08
0.001477499999999982	6.000548595729006e-08
0.001479999999999982	6.00327176976769e-08
0.001482499999999982	6.005994962850008e-08
0.001484999999999982	6.008718163052793e-08
0.001487499999999981	6.01144135850107e-08
0.001489999999999981	6.014164537367619e-08
0.001492499999999981	6.016887687873076e-08
0.001494999999999981	6.019610798285859e-08
0.001497499999999981	6.022333856922101e-08
0.001499999999999981	6.025056852145181e-08
0.001502499999999981	6.027779772366134e-08
0.001504999999999981	6.030502606043158e-08
0.001507499999999981	6.033225341681617e-08
0.001509999999999981	6.035947967834048e-08
0.00151249999999998	6.038670473099892e-08
0.00151499999999998	6.04139284612544e-08
0.00151749999999998	6.044115075603762e-08
0.00151999999999998	6.046837150274601e-08
0.00152249999999998	6.04955905892406e-08
0.00152499999999998	6.052280790384848e-08
0.00152749999999998	6.055002333535985e-08
0.00152999999999998	6.057723677302548e-08
0.00153249999999998	6.060444810655806e-08
0.00153499999999998	6.063165722612993e-08
0.001537499999999979	6.065886402237125e-08
0.001539999999999979	6.068606838637151e-08
0.001542499999999979	6.071327020967517e-08
0.001544999999999979	6.074046938428219e-08
0.001547499999999979	6.07676658026479e-08
0.001549999999999979	6.079485935767901e-08
0.001552499999999979	6.082204994273584e-08
0.001554999999999979	6.084923745162857e-08
0.001557499999999979	6.087642177861822e-08
0.001559999999999979	6.090360281841268e-08
0.001562499999999978	6.093078046616926e-08
0.001564999999999978	6.095795461749114e-08
0.001567499999999978	6.09851251684257e-08
0.001569999999999978	6.101229201546681e-08
0.001572499999999978	6.103945505554833e-08
0.001574999999999978	6.106661418604894e-08
0.001577499999999978	6.109376930478675e-08
0.001579999999999978	6.112092031001915e-08
0.001582499999999978	6.114806710044335e-08
0.001584999999999977	6.117520957519254e-08
0.001587499999999977	6.120234763383839e-08
0.001589999999999977	6.122948117638488e-08
0.001592499999999977	6.125661010327263e-08
0.001594999999999977	6.128373431537344e-08
0.001597499999999977	6.131085371399203e-08
0.001599999999999977	6.133796820086363e-08
0.001602499999999977	6.136507767815228e-08
0.001604999999999977	6.139218204845098e-08
0.001607499999999977	6.141928121478041e-08
0.001609999999999976	6.144637508058668e-08
0.001612499999999976	6.1473463549741e-08
0.001614999999999976	6.150054652653963e-08
0.001617499999999976	6.152762391569955e-08
0.001619999999999976	6.155469562236193e-08
0.001622499999999976	6.158176155208588e-08
0.001624999999999976	6.160882161085203e-08
0.001627499999999976	6.163587570505783e-08
0.001629999999999976	6.166292374151883e-08
0.001632499999999976	6.168996562746565e-08
0.001634999999999975	6.171700127054502e-08
0.001637499999999975	6.174403057881624e-08
0.001639999999999975	6.177105346075172e-08
0.001642499999999975	6.179806982523587e-08
0.001644999999999975	6.182507958156212e-08
0.001647499999999975	6.185208263943475e-08
0.001649999999999975	6.187907890896535e-08
0.001652499999999975	6.190606830067222e-08
0.001654999999999975	6.193305072548044e-08
0.001657499999999975	6.196002609471776e-08
0.001659999999999974	6.198699432011969e-08
0.001662499999999974	6.20139553138193e-08
0.001664999999999974	6.204090898835407e-08
0.001667499999999974	6.206785525666168e-08
0.001669999999999974	6.209479403207634e-08
0.001672499999999974	6.212172522833416e-08
0.001674999999999974	6.214864875956515e-08
0.001677499999999974	6.21755645402965e-08
0.001679999999999974	6.220247248544966e-08
0.001682499999999974	6.222937251033918e-08
0.001684999999999973	6.22562645306724e-08
0.001687499999999973	6.228314846254878e-08
0.001689999999999973	6.231002422245616e-08
0.001692499999999973	6.233689172727243e-08
0.001694999999999973	6.236375089426413e-08
0.001697499999999973	6.239060164108332e-08
0.001699999999999973	6.241744388576922e-08
0.001702499999999973	6.2444277546744e-08
0.001704999999999973	6.247110254281437e-08
0.001707499999999972	6.24979187931688e-08
0.001709999999999972	6.252472621737839e-08
0.001712499999999972	6.25515247353928e-08
0.001714999999999972	6.257831426754182e-08
0.001717499999999972	6.260509473453257e-08
0.001719999999999972	6.263186605744962e-08
0.001722499999999972	6.265862815775268e-08
0.001724999999999972	6.268538095727602e-08
0.001727499999999972	6.27121243782286e-08
0.001729999999999972	6.273885834319068e-08
0.001732499999999971	6.276558277511445e-08
0.001734999999999971	6.279229759732208e-08
0.001737499999999971	6.281900273350529e-08
0.001739999999999971	6.284569810772312e-08
0.001742499999999971	6.287238364440211e-08
0.001744999999999971	6.289905926833537e-08
0.001747499999999971	6.292572490467923e-08
0.001749999999999971	6.29523804789553e-08
0.001752499999999971	6.297902591704589e-08
0.001754999999999971	6.300566114519746e-08
0.00175749999999997	6.303228609001505e-08
0.00175999999999997	6.305890067846267e-08
0.00176249999999997	6.308550483786491e-08
0.00176499999999997	6.311209849590108e-08
0.00176749999999997	6.313868158060796e-08
0.00176999999999997	6.31652540203772e-08
0.00177249999999997	6.319181574395411e-08
0.00177499999999997	6.321836668043681e-08
0.00177749999999997	6.324490675927634e-08
0.00177999999999997	6.327143591027286e-08
0.001782499999999969	6.329795406357729e-08
0.001784999999999969	6.3324461149689e-08
0.001787499999999969	6.335095709945509e-08
0.001789999999999969	6.337744184406829e-08
0.001792499999999969	6.340391531506699e-08
0.001794999999999969	6.343037744433516e-08
0.001797499999999969	6.345682816409884e-08
0.001799999999999969	6.348326740692675e-08
0.001802499999999969	6.35096951057283e-08
0.001804999999999969	6.353611119375313e-08
0.001807499999999968	6.356251560459132e-08
0.001809999999999968	6.358890827216914e-08
0.001812499999999968	6.361528913075069e-08
0.001814999999999968	6.364165811493553e-08
0.001817499999999968	6.366801515965901e-08
0.001819999999999968	6.36943602001895e-08
0.001822499999999968	6.37206931721282e-08
0.001824999999999968	6.374701401140881e-08
0.001827499999999968	6.377332265429466e-08
0.001829999999999968	6.379961903737924e-08
0.001832499999999967	6.382590309758505e-08
0.001834999999999967	6.385217477216125e-08
0.001837499999999967	6.387843399868481e-08
0.001839999999999967	6.390468071505741e-08
0.001842499999999967	6.393091485950531e-08
0.001844999999999967	6.395713637057841e-08
0.001847499999999967	6.39833451871491e-08
0.001849999999999967	6.400954124841043e-08
0.001852499999999967	6.403572449387749e-08
0.001854999999999966	6.406189486338335e-08
0.001857499999999966	6.408805229707954e-08
0.001859999999999966	6.411419673543626e-08
0.001862499999999966	6.414032811923822e-08
0.001864999999999966	6.416644638958674e-08
0.001867499999999966	6.419255148789722e-08
0.001869999999999966	6.421864335589789e-08
0.001872499999999966	6.42447219356302e-08
0.001874999999999966	6.427078716944536e-08
0.001877499999999966	6.429683900000672e-08
0.001879999999999965	6.432287737028579e-08
0.001882499999999965	6.434890222356247e-08
0.001884999999999965	6.437491350342434e-08
0.001887499999999965	6.440091115376559e-08
0.001889999999999965	6.442689511878414e-08
0.001892499999999965	6.445286534298459e-08
0.001894999999999965	6.447882177117302e-08
0.001897499999999965	6.450476434845822e-08
0.001899999999999965	6.453069302025107e-08
0.001902499999999965	6.45566077322621e-08
0.001904999999999964	6.458250843050184e-08
0.001907499999999964	6.460839506127889e-08
0.001909999999999964	6.463426757119922e-08
0.001912499999999964	6.466012590716558e-08
0.001914999999999964	6.468597001637596e-08
0.001917499999999964	6.471179984632281e-08
0.001919999999999964	6.473761534479299e-08
0.001922499999999964	6.47634164598646e-08
0.001924999999999964	6.478920313990885e-08
0.001927499999999964	6.481497533358571e-08
0.001929999999999963	6.484073298984731e-08
0.001932499999999963	6.486647605793271e-08
0.001934999999999963	6.489220448736912e-08
0.001937499999999963	6.491791822797112e-08
0.001939999999999963	6.494361722983869e-08
0.001942499999999963	6.496930144335696e-08
0.001944999999999963	6.499497081919495e-08
0.001947499999999963	6.50206253083052e-08
0.001949999999999963	6.504626486192166e-08
0.001952499999999963	6.507188943155987e-08
0.001954999999999962	6.509749896901535e-08
0.001957499999999962	6.512309342636371e-08
0.001959999999999962	6.514867275595705e-08
0.001962499999999962	6.517423691042788e-08
0.001964999999999962	6.519978584268182e-08
0.001967499999999962	6.522531950590267e-08
0.001969999999999962	6.525083785354688e-08
0.001972499999999962	6.527634083934661e-08
0.001974999999999962	6.530182841730606e-08
0.001977499999999961	6.532730054170044e-08
0.001979999999999961	6.53527571670762e-08
0.001982499999999961	6.53781982482512e-08
0.001984999999999961	6.540362374031028e-08
0.001987499999999961	6.542903359860906e-08
0.001989999999999961	6.545442777876783e-08
0.001992499999999961	6.547980623667452e-08
0.001994999999999961	6.550516892848359e-08
0.001997499999999961	6.553051581061158e-08
0.001999999999999961	6.55558468397411e-08
0.00200249999999996	6.558116197281658e-08
0.00200499999999996	6.560646116704366e-08
0.00200749999999996	6.56317443798906e-08
0.00200999999999996	6.56570115690837e-08
0.00201249999999996	6.568226269261121e-08
0.00201499999999996	6.570749770871699e-08
0.00201749999999996	6.573271657590306e-08
0.00201999999999996	6.575791925292876e-08
0.00202249999999996	6.578310569881033e-08
0.00202499999999996	6.580827587281437e-08
0.002027499999999959	6.583342973446674e-08
0.002029999999999959	6.585856724354219e-08
0.002032499999999959	6.588368836006987e-08
0.002034999999999959	6.590879304433041e-08
0.002037499999999959	6.593388125685234e-08
0.002039999999999959	6.595895295841693e-08
0.002042499999999959	6.598400811005213e-08
0.002044999999999959	6.600904667303478e-08
0.002047499999999959	6.603406860888786e-08
0.002049999999999959	6.605907387938034e-08
0.002052499999999958	6.608406244652792e-08
0.002054999999999958	6.610903427258935e-08
0.002057499999999958	6.613398932006677e-08
0.002059999999999958	6.615892755170606e-08
0.002062499999999958	6.618384893049444e-08
0.002064999999999958	6.620875341966031e-08
0.002067499999999958	6.623364098267132e-08
0.002069999999999958	6.625851158323615e-08
0.002072499999999958	6.628336518529969e-08
0.002074999999999958	6.630820175304702e-08
0.002077499999999957	6.633302125089837e-08
0.002079999999999957	6.63578236435098e-08
0.002082499999999957	6.638260889577423e-08
0.002084999999999957	6.6407376972817e-08
0.002087499999999957	6.643212783999735e-08
0.002089999999999957	6.645686146290869e-08
0.002092499999999957	6.64815778073739e-08
0.002094999999999957	6.650627683944861e-08
0.002097499999999957	6.653095852541852e-08
0.002099999999999957	6.655562283179785e-08
0.002102499999999956	6.658026972532977e-08
0.002104999999999956	6.660489917298562e-08
0.002107499999999956	6.662951114196347e-08
0.002109999999999956	6.665410559968749e-08
0.002112499999999956	6.667868251380689e-08
0.002114999999999956	6.670324185219622e-08
0.002117499999999956	6.67277835829529e-08
0.002119999999999956	6.675230767439747e-08
0.002122499999999956	6.677681409507376e-08
0.002124999999999955	6.680130281374479e-08
0.002127499999999955	6.682577379939563e-08
0.002129999999999955	6.68502270212313e-08
0.002132499999999955	6.687466244867515e-08
0.002134999999999955	6.689908005136873e-08
0.002137499999999955	6.692347979917124e-08
0.002139999999999955	6.694786166215834e-08
0.002142499999999955	6.697222561062144e-08
0.002144999999999955	6.69965716150679e-08
0.002147499999999955	6.702089964621836e-08
0.002149999999999954	6.704520967500621e-08
0.002152499999999954	6.706950167258019e-08
0.002154999999999954	6.709377561029864e-08
0.002157499999999954	6.711803145973182e-08
0.002159999999999954	6.714226919266122e-08
0.002162499999999954	6.716648878107663e-08
0.002164999999999954	6.71906901971773e-08
0.002167499999999954	6.721487341337234e-08
0.002169999999999954	6.723903840227443e-08
0.002172499999999954	6.726318513670651e-08
0.002174999999999953	6.728731358969646e-08
0.002177499999999953	6.731142373447599e-08
0.002179999999999953	6.733551554448268e-08
0.002182499999999953	6.735958899335645e-08
0.002184999999999953	6.738364405494189e-08
0.002187499999999953	6.740768070328414e-08
0.002189999999999953	6.743169891263065e-08
0.002192499999999953	6.745569865742856e-08
0.002194999999999953	6.747967991232575e-08
0.002197499999999953	6.750364265216941e-08
0.002199999999999952	6.752758685200532e-08
0.002202499999999952	6.755151248707588e-08
0.002204999999999952	6.757541953282178e-08
0.002207499999999952	6.759930796487949e-08
0.002209999999999952	6.762317775908021e-08
0.002212499999999952	6.764702889145155e-08
0.002214999999999952	6.767086133821414e-08
0.002217499999999952	6.769467507578302e-08
0.002219999999999952	6.771847008076402e-08
0.002222499999999952	6.774224632995716e-08
0.002224999999999951	6.77660038003514e-08
0.002227499999999951	6.778974246912902e-08
0.002229999999999951	6.781346231365966e-08
0.002232499999999951	6.783716331150327e-08
0.002234999999999951	6.786084544040878e-08
0.002237499999999951	6.788450867831039e-08
0.002239999999999951	6.790815300333239e-08
0.002242499999999951	6.793177839378362e-08
0.002244999999999951	6.79553848281586e-08
0.00224749999999995	6.797897228513713e-08
0.00224999999999995	6.800254074358331e-08
0.00225249999999995	6.80260901825449e-08
0.00225499999999995	6.804962058125192e-08
0.00225749999999995	6.807313191911676e-08
0.00225999999999995	6.809662417573431e-08
0.00226249999999995	6.812009733087816e-08
0.00226499999999995	6.814355136450463e-08
0.00226749999999995	6.816698625674678e-08
0.00226999999999995	6.819040198791846e-08
0.002272499999999949	6.82137985385108e-08
0.002274999999999949	6.823717588919257e-08
0.002277499999999949	6.826053402080856e-08
0.002279999999999949	6.828387291438013e-08
0.002282499999999949	6.830719255110501e-08
0.002284999999999949	6.833049291235452e-08
0.002287499999999949	6.83537739796739e-08
0.002289999999999949	6.837703573478172e-08
0.002292499999999949	6.840027815957164e-08
0.002294999999999949	6.8423501236105e-08
0.002297499999999948	6.844670494661945e-08
0.002299999999999948	6.846988927351963e-08
0.002302499999999948	6.849305419938248e-08
0.002304999999999948	6.851619970695352e-08
0.002307499999999948	6.853932577914698e-08
0.002309999999999948	6.856243239904598e-08
0.002312499999999948	6.85855195499006e-08
0.002314999999999948	6.860858721512801e-08
0.002317499999999948	6.863163537831127e-08
0.002319999999999948	6.865466402320027e-08
0.002322499999999947	6.867767313370878e-08
0.002324999999999947	6.870066269391411e-08
0.002327499999999947	6.872363268805942e-08
0.002329999999999947	6.874658310054931e-08
0.002332499999999947	6.876951391595163e-08
0.002334999999999947	6.879242511899577e-08
0.002337499999999947	6.88153166945722e-08
0.002339999999999947	6.883818862773125e-08
0.002342499999999947	6.886104090368521e-08
0.002344999999999947	6.888387350780402e-08
0.002347499999999946	6.890668642561638e-08
0.002349999999999946	6.892947964281044e-08
0.002352499999999946	6.895225314523004e-08
0.002354999999999946	6.897500691887729e-08
0.002357499999999946	6.899774094990887e-08
0.002359999999999946	6.902045522463948e-08
0.002362499999999946	6.90431497295366e-08
0.002364999999999946	6.906582445122333e-08
0.002367499999999946	6.90884793764769e-08
0.002369999999999946	6.911111449222638e-08
0.002372499999999945	6.913372978555421e-08
0.002374999999999945	6.915632524369573e-08
0.002377499999999945	6.917890085403593e-08
0.002379999999999945	6.920145660411205e-08
0.002382499999999945	6.922399248161108e-08
0.002384999999999945	6.924650847436941e-08
0.002387499999999945	6.92690045703727e-08
0.002389999999999945	6.929148075775488e-08
0.002392499999999945	6.931393702479812e-08
0.002394999999999944	6.933637335993167e-08
0.002397499999999944	6.93587897517317e-08
0.002399999999999944	6.938118618891964e-08
0.002402499999999944	6.940356266036371e-08
0.002404999999999944	6.942591915507531e-08
0.002407499999999944	6.944825566221299e-08
0.002409999999999944	6.947057217107606e-08
0.002412499999999944	6.949286867110932e-08
0.002414999999999944	6.951514515190019e-08
0.002417499999999944	6.953740160317553e-08
0.002419999999999943	6.955963801480668e-08
0.002422499999999943	6.958185437680465e-08
0.002424999999999943	6.960405067932114e-08
0.002427499999999943	6.962622691264726e-08
0.002429999999999943	6.964838306721503e-08
0.002432499999999943	6.967051913359241e-08
0.002434999999999943	6.969263510248772e-08
0.002437499999999943	6.971473096474563e-08
0.002439999999999943	6.973680671134872e-08
0.002442499999999943	6.975886233341621e-08
0.002444999999999942	6.97808978222017e-08
0.002447499999999942	6.980291316909644e-08
0.002449999999999942	6.982490836562486e-08
0.002452499999999942	6.984688340344594e-08
0.002454999999999942	6.9868838274353e-08
0.002457499999999942	6.989077297027225e-08
0.002459999999999942	6.991268748326205e-08
0.002462499999999942	6.993458180551401e-08
0.002464999999999942	6.995645592935086e-08
0.002467499999999942	6.997830984722623e-08
0.002469999999999941	7.00001435517233e-08
0.002472499999999941	7.002195703555766e-08
0.002474999999999941	7.004375029157183e-08
0.002477499999999941	7.00655233127394e-08
0.002479999999999941	7.008727609216055e-08
0.002482499999999941	7.010900862306449e-08
0.002484999999999941	7.013072089880793e-08
0.002487499999999941	7.015241291287299e-08
0.002489999999999941	7.017408465886984e-08
0.002492499999999941	7.019573613053309e-08
0.00249499999999994	7.021736732172325e-08
0.00249749999999994	7.023897822642609e-08
0.00249999999999994	7.026056883875077e-08
0.00250249999999994	7.028213915292987e-08
0.00250499999999994	7.030368916332081e-08
0.00250749999999994	7.032521886440182e-08
0.00250999999999994	7.034672825077466e-08
0.00251249999999994	7.036821731716228e-08
0.00251499999999994	7.038968605840866e-08
0.002517499999999939	7.041113446947922e-08
0.002519999999999939	7.043256254545843e-08
0.002522499999999939	7.045397028155055e-08
0.002524999999999939	7.047535767308048e-08
0.002527499999999939	7.049672471549079e-08
0.002529999999999939	7.051807140434145e-08
0.002532499999999939	7.053939773531152e-08
0.002534999999999939	7.056070370419654e-08
0.002537499999999939	7.058198930690849e-08
0.002539999999999939	7.060325453947652e-08
0.002542499999999938	7.062449939804501e-08
0.002544999999999938	7.064572387887289e-08
0.002547499999999938	7.066692797833501e-08
0.002549999999999938	7.068811169291998e-08
0.002552499999999938	7.070927501922956e-08
0.002554999999999938	7.073041795398065e-08
0.002557499999999938	7.075154049400008e-08
0.002559999999999938	7.077264263623024e-08
0.002562499999999938	7.079372437772331e-08
